S1 = [ 2.990258e-22  2.005680e-01  1.283515e-15  -1.827304e-03 -3.538404e-09 -5.863182e-17 -1.803000e-16 -1.157311e-03 9.967982e-10  5.217666e-10  
  -2.005680e-01 2.208572e-22  1.859186e-03  -7.484670e-16 -1.235170e-15 6.943756e-04  4.793437e-11  1.099966e-16  5.185711e-13  1.453779e-03  
  -1.283507e-15 -1.859186e-03 1.720536e-21  2.105130e-01  1.021900e-09  1.293260e-16  1.165000e-16  -4.168326e-03 3.225639e-09  2.282652e-09  
  1.827304e-03  7.484655e-16  -2.105130e-01 1.588187e-21  1.607574e-16  6.864267e-03  -8.053027e-11 2.238342e-15  -5.109196e-12 1.836637e-03  
  3.538404e-09  1.233280e-15  -1.021900e-09 -1.575271e-16 -1.202787e-19 2.636915e-10  -4.764609e-03 1.016920e-16  3.269385e-13  3.711309e-08  
  5.864513e-17  -6.943756e-04 -1.293349e-16 -6.864267e-03 -2.636915e-10 -3.599890e-21 4.807358e-16  2.254756e-01  -1.493424e-09 1.543096e-09  
  1.803108e-16  -4.793437e-11 -1.165305e-16 8.053027e-11  4.764609e-03  -4.807324e-16 -5.293956e-23 -5.189735e-11 4.733534e-03  6.368308e-10  
  1.157311e-03  -1.099854e-16 4.168326e-03  -2.238334e-15 -1.022807e-16 -2.254756e-01 5.189735e-11  2.752857e-21  -2.178025e-12 1.255779e-02  
  -9.967982e-10 -5.185706e-13 -3.225639e-09 5.109196e-12  -3.269379e-13 1.493424e-09  -4.733534e-03 2.178026e-12  -5.082198e-20 -1.269553e-08 
  -5.217666e-10 -1.453779e-03 -2.282652e-09 -1.836637e-03 -3.711309e-08 -1.543096e-09 -6.368308e-10 -1.255779e-02 1.269553e-08  9.740879e-21   ];
S2 = [ 5.790264e-23  3.253423e-10  -9.818357e-17 -1.308499e-10 -9.790868e-03 -4.506689e-17 4.361750e-14  3.671291e-11  -9.378142e-04 1.714944e-10  
  -3.253423e-10 9.817476e-20  1.767397e-09  -3.587294e-17 1.670438e-15  -6.019411e-10 2.709332e-01  -1.865822e-16 -1.456471e-12 1.265858e-09  
  9.818408e-17  -1.767397e-09 2.594038e-21  1.217922e-09  -1.777372e-02 1.816092e-17  -1.148238e-16 2.257714e-09  1.760998e-02  6.368090e-10  
  1.308499e-10  3.583344e-17  -1.217922e-09 1.632656e-19  1.960001e-16  -9.757796e-10 -8.200109e-02 6.714085e-16  -5.348819e-12 -2.453261e-09 
  9.790868e-03  -1.670454e-15 1.777372e-02  -1.960735e-16 1.109084e-20  1.012868e-02  -5.190549e-09 -3.094609e-16 2.503995e-12  1.534914e-02  
  4.506742e-17  6.019411e-10  -1.816695e-17 9.757796e-10  -1.012868e-02 -7.835055e-21 4.733453e-17  3.049005e-10  2.378849e-02  8.263363e-11  
  -4.361750e-14 -2.709332e-01 1.148230e-16  8.200109e-02  5.190549e-09  -4.732691e-17 -2.403456e-20 -1.694230e-02 -3.981348e-13 5.218430e-11  
  -3.671291e-11 1.869612e-16  -2.257714e-09 -6.699633e-16 3.094837e-16  -3.049005e-10 1.694230e-02  -4.239400e-19 -3.595237e-13 2.371564e-09  
  9.378142e-04  1.456471e-12  -1.760998e-02 5.348819e-12  -2.503995e-12 -2.378849e-02 3.981342e-13  3.595234e-13  7.623297e-21  -6.319868e-03 
  -1.714944e-10 -1.265858e-09 -6.368090e-10 2.453261e-09  -1.534914e-02 -8.263363e-11 -5.218430e-11 -2.371564e-09 6.319868e-03  5.929231e-21   ];
S3 = [ -1.627478e-20 -1.224862e-16 -1.633439e-09 6.868500e-17  -3.113881e-17 5.668048e-10  -2.704547e-01 1.938358e-16  1.445945e-12  -4.569942e-09 
  1.224200e-16  0.000000e+00  -3.224112e-17 -8.680326e-12 -1.400840e-02 5.776924e-18  4.332247e-14  3.312406e-12  -1.339276e-03 -4.168276e-09 
  1.633439e-09  3.232756e-17  -2.038173e-20 -3.173981e-17 3.332659e-17  -1.278040e-09 8.042245e-02  -5.493435e-16 4.992176e-12  -8.953084e-09 
  -6.880983e-17 8.680326e-12  3.194950e-17  1.005852e-21  -2.564891e-02 7.896359e-18  -1.630821e-15 -6.714242e-12 2.445694e-02  -1.132505e-08 
  3.122538e-17  1.400840e-02  -3.332732e-17 2.564891e-02  2.117582e-22  -1.630141e-17 -1.746698e-15 1.442508e-02  -1.120611e-10 4.048644e-10  
  -5.668048e-10 -5.803949e-18 1.278040e-09  -7.374586e-18 1.627918e-17  -2.075231e-20 -1.685285e-02 3.272660e-16  9.811602e-14  -5.606249e-09 
  2.704547e-01  -4.332247e-14 -8.042245e-02 1.630821e-15  1.742900e-15  1.685285e-02  -2.668154e-20 1.004526e-15  -1.996662e-12 -1.368520e-02 
  -1.941836e-16 -3.312406e-12 5.489671e-16  6.714242e-12  -1.442508e-02 -3.271690e-16 -1.004494e-15 1.694066e-21  3.409207e-02  -5.337957e-09 
  -1.445945e-12 1.339276e-03  -4.992176e-12 -2.445694e-02 1.120611e-10  -9.811613e-14 1.996661e-12  -3.409207e-02 1.016440e-20  -1.797852e-09 
  4.569942e-09  4.168276e-09  8.953084e-09  1.132505e-08  -4.048644e-10 5.606249e-09  1.368520e-02  5.337957e-09  1.797852e-09  -7.792703e-20  ];
I1  = [ -3.916003e-03 3.141365e-03  2.263600e-03  -1.853720e-03 -4.024413e-03 -1.398417e-03 2.413341e-12  1.163994e-03  -1.330288e-03 1.069128e-03   ];
I2  = [ -8.098991e-12 -4.583101e-02 4.189151e-11  7.691465e-03  8.432728e-10  -7.224782e-12 6.329535e-03  -2.877841e-03 -9.027058e-11 2.681729e-11   ];
I3  = [ 4.567600e-02  -7.335552e-15 -7.579198e-03 1.917641e-16  2.885145e-16  2.826938e-03  -5.063628e-03 1.137743e-16  -1.972797e-13 -1.502370e-03  ];
  
qf  = [   1.000000e-03
    0.000000e+00
    0.000000e+00
    0.000000e+00
    0.000000e+00
    0.000000e+00
    0.000000e+00
    0.000000e+00
    0.000000e+00
    0.000000e+00 ];
           
I_ThetaF_bar_ref = [  -3.916003e-03  3.341933e-03  2.263600e-03 -1.855547e-03 -4.024413e-03 -1.398417e-03  2.413341e-12  1.162837e-03 -1.330288e-03  1.069128e-03
   -8.098991e-12 -4.583101e-02  4.189150e-11  7.691465e-03 -9.790025e-06 -7.224782e-12  6.329535e-03 -2.877841e-03 -9.379045e-07  2.698878e-11
    4.567600e-02 -7.335675e-15 -7.579198e-03  1.918328e-16  2.884833e-16  2.826938e-03 -5.334082e-03  1.139682e-16 -1.958338e-13 -1.502370e-03 ];

           
I_ThetaF_bar = zeros(3,10);
  
I_ThetaF_bar(1,:)=  qf' * S1 + I1,
I_ThetaF_bar(2,:)=  qf' * S2 + I2,
I_ThetaF_bar(3,:)=  qf' * S3 + I3,

I_ThetaF_bar - I_ThetaF_bar_ref,
    
    